<html>
<head>
	<title>BitGrid.io</title>
	<link rel="stylesheet" type="text/css" href="assets/styles/base.css">
</head>
<body>
	<div class="container">
		<h1> Welcome to the BitGrid.io </h1>
	</div>
	<!-- Start Janus Specific Markup -->
	<FireBoxRoom>
		<Assets>
			<AssetObject id="grid" src="assets/models/grid.obj" mtl="assets/models/grid.mtl" />
			<AssetImage id="black" src="assets/images/black.gif" />
			<AssetImage id="semi" src="assets/models/grid/grid.png" />
		</Assets>
		<Room skybox_left_id="black" skybox_right_id="black" skybox_front_id="black" skybox_back_id="black" skybox_up_id="black" skybox_down_id="black" default_sounds="false">
			<Object id="grid" collision_id="grid" locked="true" pos="0 0 0" />

	<!-- BitGrid -->
		<!-- Left: +x -->
			<!-- sector 3: change z by 10-->
			<Image id="semi" js_id="696" pos="3.000000 8.500000 15.000000" xdir="-0.003922 0.000000 0.999992" ydir="-0.003921 0.999992 -0.000015" zdir="-0.999985 -0.003922 -0.003922" scale="4.900000 8.400000 1.000000" />
			<Image id="semi" js_id="694" pos="3.000000 8.500000 25.000000" xdir="-0.003922 0.000000 0.999992" ydir="-0.003921 0.999992 -0.000015" zdir="-0.999985 -0.003922 -0.003922" scale="4.900000 8.400000 1.000000" />
			<Image id="semi" js_id="694" pos="3.000000 8.500000 35.000000" xdir="-0.003922 0.000000 0.999992" ydir="-0.003921 0.999992 -0.000015" zdir="-0.999985 -0.003922 -0.003922" scale="4.900000 8.400000 1.000000" />
			<Image id="semi" js_id="696" pos="3.000000 8.500000 45.000000" xdir="-0.003922 0.000000 0.999992" ydir="-0.003921 0.999992 -0.000015" zdir="-0.999985 -0.003922 -0.003922" scale="4.900000 8.400000 1.000000" />
			<Image id="semi" js_id="694" pos="3.000000 8.500000 55.000000" xdir="-0.003922 0.000000 0.999992" ydir="-0.003921 0.999992 -0.000015" zdir="-0.999985 -0.003922 -0.003922" scale="4.900000 8.400000 1.000000" />
			<Image id="semi" js_id="694" pos="3.000000 8.500000 65.000000" xdir="-0.003922 0.000000 0.999992" ydir="-0.003921 0.999992 -0.000015" zdir="-0.999985 -0.003922 -0.003922" scale="4.900000 8.400000 1.000000" />
			<!-- 9 -->
			<Image id="semi" js_id="696" pos="9.000000 8.500000 15.000000" xdir="-0.003922 0.000000 0.999992" ydir="-0.003921 0.999992 -0.000015" zdir="-0.999985 -0.003922 -0.003922" scale="4.900000 8.400000 1.000000" />
			<Image id="semi" js_id="694" pos="9.000000 8.500000 25.000000" xdir="-0.003922 0.000000 0.999992" ydir="-0.003921 0.999992 -0.000015" zdir="-0.999985 -0.003922 -0.003922" scale="4.900000 8.400000 1.000000" />
			<Image id="semi" js_id="694" pos="9.000000 8.500000 35.000000" xdir="-0.003922 0.000000 0.999992" ydir="-0.003921 0.999992 -0.000015" zdir="-0.999985 -0.003922 -0.003922" scale="4.900000 8.400000 1.000000" />
			<Image id="semi" js_id="696" pos="9.000000 8.500000 45.000000" xdir="-0.003922 0.000000 0.999992" ydir="-0.003921 0.999992 -0.000015" zdir="-0.999985 -0.003922 -0.003922" scale="4.900000 8.400000 1.000000" />
			<Image id="semi" js_id="694" pos="9.000000 8.500000 55.000000" xdir="-0.003922 0.000000 0.999992" ydir="-0.003921 0.999992 -0.000015" zdir="-0.999985 -0.003922 -0.003922" scale="4.900000 8.400000 1.000000" />
			<Image id="semi" js_id="694" pos="9.000000 8.500000 65.000000" xdir="-0.003922 0.000000 0.999992" ydir="-0.003921 0.999992 -0.000015" zdir="-0.999985 -0.003922 -0.003922" scale="4.900000 8.400000 1.000000" />
			<!-- 15 -->
			<Image id="semi" js_id="696" pos="15.000000 8.500000 15.000000" xdir="-0.003922 0.000000 0.999992" ydir="-0.003921 0.999992 -0.000015" zdir="-0.999985 -0.003922 -0.003922" scale="4.900000 8.400000 1.000000" />
			<Image id="semi" js_id="694" pos="15.000000 8.500000 25.000000" xdir="-0.003922 0.000000 0.999992" ydir="-0.003921 0.999992 -0.000015" zdir="-0.999985 -0.003922 -0.003922" scale="4.900000 8.400000 1.000000" />
			<Image id="semi" js_id="694" pos="15.000000 8.500000 35.000000" xdir="-0.003922 0.000000 0.999992" ydir="-0.003921 0.999992 -0.000015" zdir="-0.999985 -0.003922 -0.003922" scale="4.900000 8.400000 1.000000" />
			<Image id="semi" js_id="696" pos="15.000000 8.500000 45.000000" xdir="-0.003922 0.000000 0.999992" ydir="-0.003921 0.999992 -0.000015" zdir="-0.999985 -0.003922 -0.003922" scale="4.900000 8.400000 1.000000" />
			<Image id="semi" js_id="694" pos="15.000000 8.500000 55.000000" xdir="-0.003922 0.000000 0.999992" ydir="-0.003921 0.999992 -0.000015" zdir="-0.999985 -0.003922 -0.003922" scale="4.900000 8.400000 1.000000" />
			<Image id="semi" js_id="694" pos="15.000000 8.500000 65.000000" xdir="-0.003922 0.000000 0.999992" ydir="-0.003921 0.999992 -0.000015" zdir="-0.999985 -0.003922 -0.003922" scale="4.900000 8.400000 1.000000" />
			<!-- 21 -->
			<Image id="semi" js_id="696" pos="21.000000 8.500000 15.000000" xdir="-0.003922 0.000000 0.999992" ydir="-0.003921 0.999992 -0.000015" zdir="-0.999985 -0.003922 -0.003922" scale="4.900000 8.400000 1.000000" />
			<Image id="semi" js_id="694" pos="21.000000 8.500000 25.000000" xdir="-0.003922 0.000000 0.999992" ydir="-0.003921 0.999992 -0.000015" zdir="-0.999985 -0.003922 -0.003922" scale="4.900000 8.400000 1.000000" />
			<Image id="semi" js_id="694" pos="21.000000 8.500000 35.000000" xdir="-0.003922 0.000000 0.999992" ydir="-0.003921 0.999992 -0.000015" zdir="-0.999985 -0.003922 -0.003922" scale="4.900000 8.400000 1.000000" />
			<Image id="semi" js_id="696" pos="21.000000 8.500000 45.000000" xdir="-0.003922 0.000000 0.999992" ydir="-0.003921 0.999992 -0.000015" zdir="-0.999985 -0.003922 -0.003922" scale="4.900000 8.400000 1.000000" />
			<Image id="semi" js_id="694" pos="21.000000 8.500000 55.000000" xdir="-0.003922 0.000000 0.999992" ydir="-0.003921 0.999992 -0.000015" zdir="-0.999985 -0.003922 -0.003922" scale="4.900000 8.400000 1.000000" />
			<Image id="semi" js_id="694" pos="21.000000 8.500000 65.000000" xdir="-0.003922 0.000000 0.999992" ydir="-0.003921 0.999992 -0.000015" zdir="-0.999985 -0.003922 -0.003922" scale="4.900000 8.400000 1.000000" />
			<!-- 27 -->
			<Image id="semi" js_id="696" pos="27.000000 8.500000 15.000000" xdir="-0.003922 0.000000 0.999992" ydir="-0.003921 0.999992 -0.000015" zdir="-0.999985 -0.003922 -0.003922" scale="4.900000 8.400000 1.000000" />
			<Image id="semi" js_id="694" pos="27.000000 8.500000 25.000000" xdir="-0.003922 0.000000 0.999992" ydir="-0.003921 0.999992 -0.000015" zdir="-0.999985 -0.003922 -0.003922" scale="4.900000 8.400000 1.000000" />
			<Image id="semi" js_id="694" pos="27.000000 8.500000 35.000000" xdir="-0.003922 0.000000 0.999992" ydir="-0.003921 0.999992 -0.000015" zdir="-0.999985 -0.003922 -0.003922" scale="4.900000 8.400000 1.000000" />
			<Image id="semi" js_id="696" pos="27.000000 8.500000 45.000000" xdir="-0.003922 0.000000 0.999992" ydir="-0.003921 0.999992 -0.000015" zdir="-0.999985 -0.003922 -0.003922" scale="4.900000 8.400000 1.000000" />
			<Image id="semi" js_id="694" pos="27.000000 8.500000 55.000000" xdir="-0.003922 0.000000 0.999992" ydir="-0.003921 0.999992 -0.000015" zdir="-0.999985 -0.003922 -0.003922" scale="4.900000 8.400000 1.000000" />
			<Image id="semi" js_id="694" pos="27.000000 8.500000 65.000000" xdir="-0.003922 0.000000 0.999992" ydir="-0.003921 0.999992 -0.000015" zdir="-0.999985 -0.003922 -0.003922" scale="4.900000 8.400000 1.000000" />
			<!-- 32 -->
			<Image id="semi" js_id="696" pos="32.000000 8.500000 15.000000" xdir="-0.003922 0.000000 0.999992" ydir="-0.003921 0.999992 -0.000015" zdir="-0.999985 -0.003922 -0.003922" scale="4.900000 8.400000 1.000000" />
			<Image id="semi" js_id="694" pos="32.000000 8.500000 25.000000" xdir="-0.003922 0.000000 0.999992" ydir="-0.003921 0.999992 -0.000015" zdir="-0.999985 -0.003922 -0.003922" scale="4.900000 8.400000 1.000000" />
			<Image id="semi" js_id="694" pos="32.000000 8.500000 35.000000" xdir="-0.003922 0.000000 0.999992" ydir="-0.003921 0.999992 -0.000015" zdir="-0.999985 -0.003922 -0.003922" scale="4.900000 8.400000 1.000000" />
			<Image id="semi" js_id="696" pos="32.000000 8.500000 45.000000" xdir="-0.003922 0.000000 0.999992" ydir="-0.003921 0.999992 -0.000015" zdir="-0.999985 -0.003922 -0.003922" scale="4.900000 8.400000 1.000000" />
			<Image id="semi" js_id="694" pos="32.000000 8.500000 55.000000" xdir="-0.003922 0.000000 0.999992" ydir="-0.003921 0.999992 -0.000015" zdir="-0.999985 -0.003922 -0.003922" scale="4.900000 8.400000 1.000000" />
			<Image id="semi" js_id="694" pos="32.000000 8.500000 65.000000" xdir="-0.003922 0.000000 0.999992" ydir="-0.003921 0.999992 -0.000015" zdir="-0.999985 -0.003922 -0.003922" scale="4.900000 8.400000 1.000000" />

		<!-- Right : -x -->
			<!-- sector -3: change z by 10 -->
			<Image id="semi" js_id="613" pos="-3.000000 8.500000 15.000000" xdir="0.000001 0.000000 -1.000000" ydir="0.000000 1.000000 0.000000" zdir="1.000000 0.000000 0.000001" scale="4.900000 8.400000 1.000000" />
			<Image id="semi" js_id="697" pos="-3.000000 8.500000 25.000000" xdir="-0.003922 0.000000 0.999992" ydir="-0.003921 0.999992 -0.000015" zdir="-0.999985 -0.003922 -0.003922" scale="4.900000 8.400000 1.000000" />
			<Image id="semi" js_id="697" pos="-3.000000 8.500000 35.000000" xdir="-0.003922 0.000000 0.999992" ydir="-0.003921 0.999992 -0.000015" zdir="-0.999985 -0.003922 -0.003922" scale="4.900000 8.400000 1.000000" />
			<Image id="semi" js_id="696" pos="-3.000000 8.500000 45.000000" xdir="-0.003922 0.000000 0.999992" ydir="-0.003921 0.999992 -0.000015" zdir="-0.999985 -0.003922 -0.003922" scale="4.900000 8.400000 1.000000" />
			<Image id="semi" js_id="694" pos="-3.000000 8.500000 55.000000" xdir="-0.003922 0.000000 0.999992" ydir="-0.003921 0.999992 -0.000015" zdir="-0.999985 -0.003922 -0.003922" scale="4.900000 8.400000 1.000000" />
			<Image id="semi" js_id="694" pos="-3.000000 8.500000 65.000000" xdir="-0.003922 0.000000 0.999992" ydir="-0.003921 0.999992 -0.000015" zdir="-0.999985 -0.003922 -0.003922" scale="4.900000 8.400000 1.000000" />
			<!-- -9 -->
			<Image id="semi" js_id="613" pos="-9.000000 8.500000 15.000000" xdir="0.000001 0.000000 -1.000000" ydir="0.000000 1.000000 0.000000" zdir="1.000000 0.000000 0.000001" scale="4.900000 8.400000 1.000000" />
			<Image id="semi" js_id="697" pos="-9.000000 8.500000 25.000000" xdir="-0.003922 0.000000 0.999992" ydir="-0.003921 0.999992 -0.000015" zdir="-0.999985 -0.003922 -0.003922" scale="4.900000 8.400000 1.000000" />
			<Image id="semi" js_id="697" pos="-9.000000 8.500000 35.000000" xdir="-0.003922 0.000000 0.999992" ydir="-0.003921 0.999992 -0.000015" zdir="-0.999985 -0.003922 -0.003922" scale="4.900000 8.400000 1.000000" />
			<Image id="semi" js_id="696" pos="-9.000000 8.500000 45.000000" xdir="-0.003922 0.000000 0.999992" ydir="-0.003921 0.999992 -0.000015" zdir="-0.999985 -0.003922 -0.003922" scale="4.900000 8.400000 1.000000" />
			<Image id="semi" js_id="694" pos="-9.000000 8.500000 55.000000" xdir="-0.003922 0.000000 0.999992" ydir="-0.003921 0.999992 -0.000015" zdir="-0.999985 -0.003922 -0.003922" scale="4.900000 8.400000 1.000000" />
			<Image id="semi" js_id="694" pos="-9.000000 8.500000 65.000000" xdir="-0.003922 0.000000 0.999992" ydir="-0.003921 0.999992 -0.000015" zdir="-0.999985 -0.003922 -0.003922" scale="4.900000 8.400000 1.000000" />
			<!-- -15 -->
			<Image id="semi" js_id="613" pos="-15.000000 8.500000 15.000000" xdir="0.000001 0.000000 -1.000000" ydir="0.000000 1.000000 0.000000" zdir="1.000000 0.000000 0.000001" scale="4.900000 8.400000 1.000000" />
			<Image id="semi" js_id="697" pos="-15.000000 8.500000 25.000000" xdir="-0.003922 0.000000 0.999992" ydir="-0.003921 0.999992 -0.000015" zdir="-0.999985 -0.003922 -0.003922" scale="4.900000 8.400000 1.000000" />
			<Image id="semi" js_id="697" pos="-15.000000 8.500000 35.000000" xdir="-0.003922 0.000000 0.999992" ydir="-0.003921 0.999992 -0.000015" zdir="-0.999985 -0.003922 -0.003922" scale="4.900000 8.400000 1.000000" />
			<Image id="semi" js_id="696" pos="-15.000000 8.500000 45.000000" xdir="-0.003922 0.000000 0.999992" ydir="-0.003921 0.999992 -0.000015" zdir="-0.999985 -0.003922 -0.003922" scale="4.900000 8.400000 1.000000" />
			<Image id="semi" js_id="694" pos="-15.000000 8.500000 55.000000" xdir="-0.003922 0.000000 0.999992" ydir="-0.003921 0.999992 -0.000015" zdir="-0.999985 -0.003922 -0.003922" scale="4.900000 8.400000 1.000000" />
			<Image id="semi" js_id="694" pos="-15.000000 8.500000 65.000000" xdir="-0.003922 0.000000 0.999992" ydir="-0.003921 0.999992 -0.000015" zdir="-0.999985 -0.003922 -0.003922" scale="4.900000 8.400000 1.000000" />
			<!-- -21 -->
			<Image id="semi" js_id="696" pos="-21.000000 8.500000 15.000000" xdir="-0.003922 0.000000 0.999992" ydir="-0.003921 0.999992 -0.000015" zdir="-0.999985 -0.003922 -0.003922" scale="4.900000 8.400000 1.000000" />
			<Image id="semi" js_id="694" pos="-21.000000 8.500000 25.000000" xdir="-0.003922 0.000000 0.999992" ydir="-0.003921 0.999992 -0.000015" zdir="-0.999985 -0.003922 -0.003922" scale="4.900000 8.400000 1.000000" />
			<Image id="semi" js_id="694" pos="-21.000000 8.500000 35.000000" xdir="-0.003922 0.000000 0.999992" ydir="-0.003921 0.999992 -0.000015" zdir="-0.999985 -0.003922 -0.003922" scale="4.900000 8.400000 1.000000" />
			<Image id="semi" js_id="696" pos="-21.000000 8.500000 45.000000" xdir="-0.003922 0.000000 0.999992" ydir="-0.003921 0.999992 -0.000015" zdir="-0.999985 -0.003922 -0.003922" scale="4.900000 8.400000 1.000000" />
			<Image id="semi" js_id="694" pos="-21.000000 8.500000 55.000000" xdir="-0.003922 0.000000 0.999992" ydir="-0.003921 0.999992 -0.000015" zdir="-0.999985 -0.003922 -0.003922" scale="4.900000 8.400000 1.000000" />
			<Image id="semi" js_id="694" pos="-21.000000 8.500000 65.000000" xdir="-0.003922 0.000000 0.999992" ydir="-0.003921 0.999992 -0.000015" zdir="-0.999985 -0.003922 -0.003922" scale="4.900000 8.400000 1.000000" />
			<!-- -27 -->
			<Image id="semi" js_id="696" pos="-27.000000 8.500000 15.000000" xdir="-0.003922 0.000000 0.999992" ydir="-0.003921 0.999992 -0.000015" zdir="-0.999985 -0.003922 -0.003922" scale="4.900000 8.400000 1.000000" />
			<Image id="semi" js_id="694" pos="-27.000000 8.500000 25.000000" xdir="-0.003922 0.000000 0.999992" ydir="-0.003921 0.999992 -0.000015" zdir="-0.999985 -0.003922 -0.003922" scale="4.900000 8.400000 1.000000" />
			<Image id="semi" js_id="694" pos="-27.000000 8.500000 35.000000" xdir="-0.003922 0.000000 0.999992" ydir="-0.003921 0.999992 -0.000015" zdir="-0.999985 -0.003922 -0.003922" scale="4.900000 8.400000 1.000000" />
			<Image id="semi" js_id="696" pos="-27.000000 8.500000 45.000000" xdir="-0.003922 0.000000 0.999992" ydir="-0.003921 0.999992 -0.000015" zdir="-0.999985 -0.003922 -0.003922" scale="4.900000 8.400000 1.000000" />
			<Image id="semi" js_id="694" pos="-27.000000 8.500000 55.000000" xdir="-0.003922 0.000000 0.999992" ydir="-0.003921 0.999992 -0.000015" zdir="-0.999985 -0.003922 -0.003922" scale="4.900000 8.400000 1.000000" />
			<Image id="semi" js_id="694" pos="-27.000000 8.500000 65.000000" xdir="-0.003922 0.000000 0.999992" ydir="-0.003921 0.999992 -0.000015" zdir="-0.999985 -0.003922 -0.003922" scale="4.900000 8.400000 1.000000" />
			<!-- -32 -->
			<Image id="semi" js_id="696" pos="-32.000000 8.500000 15.000000" xdir="-0.003922 0.000000 0.999992" ydir="-0.003921 0.999992 -0.000015" zdir="-0.999985 -0.003922 -0.003922" scale="4.900000 8.400000 1.000000" />
			<Image id="semi" js_id="694" pos="-32.000000 8.500000 25.000000" xdir="-0.003922 0.000000 0.999992" ydir="-0.003921 0.999992 -0.000015" zdir="-0.999985 -0.003922 -0.003922" scale="4.900000 8.400000 1.000000" />
			<Image id="semi" js_id="694" pos="-32.000000 8.500000 35.000000" xdir="-0.003922 0.000000 0.999992" ydir="-0.003921 0.999992 -0.000015" zdir="-0.999985 -0.003922 -0.003922" scale="4.900000 8.400000 1.000000" />
			<Image id="semi" js_id="696" pos="-32.000000 8.500000 45.000000" xdir="-0.003922 0.000000 0.999992" ydir="-0.003921 0.999992 -0.000015" zdir="-0.999985 -0.003922 -0.003922" scale="4.900000 8.400000 1.000000" />
			<Image id="semi" js_id="694" pos="-32.000000 8.500000 55.000000" xdir="-0.003922 0.000000 0.999992" ydir="-0.003921 0.999992 -0.000015" zdir="-0.999985 -0.003922 -0.003922" scale="4.900000 8.400000 1.000000" />
			<Image id="semi" js_id="694" pos="-32.000000 8.500000 65.000000" xdir="-0.003922 0.000000 0.999992" ydir="-0.003921 0.999992 -0.000015" zdir="-0.999985 -0.003922 -0.003922" scale="4.900000 8.400000 1.000000" />

	<!-- Portals on the BitGrid -->
		<!-- Left: +x -->
			<!-- x3 z15 : 4z change by 2 : 5y change by 3-->
				<!-- Row 1 -->
					<Link pos="3.000000 1.000000 12.000000" xdir="-0.003922 0.000000 0.999992" ydir="-0.003921 0.999992 -0.000015" zdir="-0.999985 -0.003922 -0.003922" url="http://bitgridio.github.io/swap-websurface" scale="1.8 2.5 1" />
					<Link pos="3.000000 1.000000 14.000000" xdir="-0.003922 0.000000 0.999992" ydir="-0.003921 0.999992 -0.000015" zdir="-0.999985 -0.003922 -0.003922" url="http://bitgridio.github.io/lullabot.comVR" scale="1.8 2.5 1" />
					<Link pos="3.000000 1.000000 16.000000" xdir="-0.003922 0.000000 0.999992" ydir="-0.003921 0.999992 -0.000015" zdir="-0.999985 -0.003922 -0.003922" url="http://bitgridio.github.io/tronVR" scale="1.8 2.5 1" />
					<Link pos="3.000000 1.000000 18.000000" xdir="-0.003922 0.000000 0.999992" ydir="-0.003921 0.999992 -0.000015" zdir="-0.999985 -0.003922 -0.003922" url="http://bitgridio.github.io/MatrixVR" scale="1.8 2.5 1" />
				<!-- Row 2 -->
					<Link pos="3.000000 4.000000 12.000000" xdir="-0.003922 0.000000 0.999992" ydir="-0.003921 0.999992 -0.000015" zdir="-0.999985 -0.003922 -0.003922" url="http://bitgridio.github.io/LullabotVR/lullabot.html" scale="1.8 2.5 1" />
					<Link pos="3.000000 4.000000 14.000000" xdir="-0.003922 0.000000 0.999992" ydir="-0.003921 0.999992 -0.000015" zdir="-0.999985 -0.003922 -0.003922" url="http://bitgridio.github.io/adventureVR/adventure-2014.html" scale="1.8 2.5 1" />
					<Link pos="3.000000 4.000000 16.000000" xdir="-0.003922 0.000000 0.999992" ydir="-0.003921 0.999992 -0.000015" zdir="-0.999985 -0.003922 -0.003922" url="http://bitgridio.github.io/JanusVR-HUD" scale="1.8 2.5 1" />
				<!-- Row 3 -->

				<!-- Row 4 -->

				<!-- Row 5 -->
				
		<!-- Right: -x -->

		</Room>
	</FireBoxRoom>
</body>
</html>